10
10012
10074
1010
10142
1026
1033
1034
1036
1071
11
1114
1121
1125
1142
1163
1173
118
1209
1221
1233
1235
126
1281
1288
13
1375
1382
1384
1392
14
141
1420
144
146
1466
1467
1470
1532
1537
154
1566
1627
1668
1678
175
1759
1785
1825
187
1877
1879
1885
189
1952
1963
1975
1987
1991
1996
2008
2018
2035
2075
2077
2133
2153
2162
2217
2236
2239
2276
2279
2337
2371
2385
2402
2421
2455
2512
2513
2535
2557
2576
258
2616
262
2628
2645
266
2675
268
2702
2725
2759
276
279
2841
2849
285
2858
2887
2901
2907
2949
2960
2964
2966
298
2998
3046
3069
311
3130
3140
3196
322
323
3257
328
33
3335
3375
3381
3394
3397
3399
3468
3486
3499
3547
357
3581
3605
3615
3622
3625
3639
366
3689
3695
3766
3780
380
3835
3853
3883
3904
3905
3913
3921
3922
3931
3934
3964
3965
397
3973
3979
3992
4006
4018
4029
4032
4034
4048
4066
4084
4127
4171
4185
4230
4346
4381
44
440
4411
4428
4490
4507
4569
4577
4580
4605
4632
4643
4646
466
4671
4672
4680
4715
4758
481
4813
4814
483
4833
4837
4851
4859
488
4897
4943
4990
4998
5105
5146
5167
5182
5185
5195
5207
5263
5288
5302
5310
5332
539
5408
5442
5460
549
5515
554
5557
556
5581
561
563
5675
5719
5723
5745
5803
5830
5833
5881
589
5924
5973
5989
6020
6064
6065
6074
6099
610
6104
6120
6124
613
6192
62
6249
6356
644
6484
6573
6583
6589
6721
6733
6734
675
678
6815
6858
6859
6869
6873
688
6882
6936
6981
6993
7020
7047
7055
7080
7092
7144
7153
7156
7195
722
726
7285
7312
7358
7360
7379
7405
7413
7446
745
7471
7475
748
7485
75
7504
754
7547
7549
7565
7585
7610
7611
762
763
7759
777
7783
7905
792
7929
7950
7954
7955
798
7989
799
8
803
8046
807
8089
813
8134
8138
8155
816
8178
8184
820
8203
8266
8291
8314
832
8336
8387
8415
8417
8423
845
8522
854
8563
8598
862
8635
8737
8787
8788
8803
8808
8818
8841
8852
8874
8890
8988
9078
9133
916
9166
918
9185
920
922
9220
924
9246
926
9262
9375
9399
943
9450
9457
951
9516
9527
954
9565
9635
966
9697
9702
9720
9726
9743
9747
9799
9803
9812
9839
9869
9969
