1
10080
10123
1013
1020
1022
1028
1029
1039
1040
1059
1066
1075
1077
1085
1089
1103
1104
1129
1131
1133
1134
1139
1147
1165
1177
1190
1196
123
124
1269
1275
1283
1312
1325
1379
1424
1426
1445
1459
1494
1499
1503
1514
1531
1588
159
16
160
1600
161
168
17
1717
1764
177
180
1802
1833
1875
1964
1968
1970
1980
200
2000
2004
202
2023
2024
2030
204
2056
207
2074
2080
2099
210
2116
215
2158
216
2166
2177
2183
22
2202
2212
2238
2249
2274
2278
2288
2291
2293
2297
2307
2314
2334
2350
2356
2361
2362
2367
241
2412
2453
2454
2456
2457
2498
2507
251
252
253
2533
2542
2554
2568
2570
26
2633
2648
2660
2663
2681
2687
2700
2707
2718
2720
2739
2764
2797
2826
287
2874
288
2881
2886
2890
2920
294
295
2958
296
2969
2980
2996
3004
3018
3034
305
3078
3090
3104
3167
3186
319
325
3265
3275
3280
3289
330
3321
3324
3326
337
341
3417
3422
3449
345
3454
347
3478
349
3494
35
352
3531
3532
3543
3569
3582
3598
36
3611
363
3642
3643
3644
3655
368
3682
3706
3782
38
3821
3834
3847
3865
3881
3882
3908
3930
394
3942
3954
3967
40
4009
4030
4036
4038
4055
4056
4057
4080
4095
4106
411
4143
4147
4159
4173
4181
4192
42
420
4200
429
4349
4356
4359
437
439
4399
441
4438
4441
4463
4482
4499
4539
4547
4549
4587
4594
4621
463
4648
4679
468
4694
4695
4712
473
4756
4797
4801
4825
4879
4932
4935
4941
495
4962
497
4983
4985
500
502
503
5048
5049
5073
5098
5107
5155
5164
5168
5176
5180
5213
5223
5233
5235
5249
5257
5274
5326
533
5342
5397
5425
5432
5447
5456
5475
5478
5487
5495
55
5529
5540
5568
5582
5612
5613
5629
567
5683
5701
572
574
5741
5743
58
5800
581
5820
5821
583
5850
5853
5868
5884
5900
5917
595
60
6005
6013
602
6035
6045
607
609
6103
6115
6187
6191
6206
6238
6239
6244
6248
6269
6284
6285
63
6335
6351
636
6363
6367
637
6381
64
645
646
6483
6491
650
651
6545
6560
6617
667
669
6690
6699
6706
6731
6758
682
684
6851
6861
6866
6889
6910
6928
693
6943
6965
6971
6985
6989
7014
704
7053
7070
7072
7082
7089
7098
7114
7155
7163
717
7198
7199
721
7214
7218
7232
7252
7266
7280
7292
7320
7322
7393
74
7403
7450
7466
749
7510
7520
7568
758
761
7636
7639
7657
7685
77
7701
775
776
7761
7785
7787
779
781
782
7841
7876
7915
7923
7945
7967
7981
7992
8058
806
8060
8073
8076
808
8090
81
8100
811
8129
8135
814
8202
8206
8237
8246
8301
8318
836
8363
839
8403
8416
842
8449
8463
8476
850
8554
8561
865
8675
8701
8731
8796
8864
887
8905
8911
8915
8934
8948
8951
8977
898
90
903
9072
909
9119
912
9126
9135
915
9158
9172
9215
9232
925
9276
9323
9324
9351
9367
9372
9380
9421
9427
9430
9486
9489
949
9518
9519
952
9541
9561
9568
9589
9616
9672
968
972
9749
9781
9796
9871
9876
99
990
9920
9928
